# KITTI MEAN Calibration (14999 samples)

P2: 7.198221435547e+02 0.000000000000e+00 6.086462402344e+02 4.496593856812e+01 0.000000000000e+00 7.198221435547e+02 1.741798248291e+02 1.287033706903e-01 0.000000000000e+00 0.000000000000e+00 1.000000000000e+00 3.024020930752e-03
R0_rect: 9.999878406525e-01 9.804544970393e-03 -7.462649606168e-03 -9.838378988206e-03 9.999955296516e-01 -4.277161322534e-03 7.419163361192e-03 4.349885508418e-03 9.999969005585e-01
Tr_velo_to_cam: 7.477780338377e-03 -9.999986886978e-01 -8.615547558293e-04 -6.591025739908e-03 1.233209483325e-02 9.542186744511e-04 -9.999867081642e-01 -7.393298298120e-02 9.999585151672e-01 7.470121607184e-03 1.233818288893e-02 -2.789142131805e-01
P2_inv: 1.384263505708e-03 4.585663235238e-08 -8.427152884794e-01 0.000000000000e+00 4.585663235606e-08 1.389231637711e-03 -2.420023676576e-01 0.000000000000e+00 -2.507882507887e-07 2.314617449366e-09 1.000143126256e+00 0.000000000000e+00 8.293204859722e-05 -7.654105240647e-07 -4.732978338626e-02 0.000000000000e+00
R0_inv: 9.998603453869e-01 -9.835493935571e-03 7.419562414976e-03 0.000000000000e+00 9.805137793573e-03 9.998894134852e-01 4.349874116044e-03 0.000000000000e+00 -7.460801591918e-03 -4.276446588090e-03 9.999291308219e-01 0.000000000000e+00 0.000000000000e+00 0.000000000000e+00 0.000000000000e+00 1.000000000000e+00
Tr_velo_to_cam_inv: 7.480653002858e-03 1.232984755188e-02 9.998334646225e-01 2.798286676407e-01 -9.999446272850e-01 9.536355501041e-04 7.465915754437e-03 -4.437805619091e-03 -8.619251893833e-04 -9.998603463173e-01 1.233732979745e-02 -7.048728317022e-02 0.000000000000e+00 0.000000000000e+00 0.000000000000e+00 1.000000000000e+00
